0 0.0515625 0.02578125 0.07109375 0.05
0 0.31796875 0.046875 0.0734375 0.090625
0 0.41953125 0.05390625 0.065625 0.1
0 0.5796875 0.18125 0.078125 0.1453125
0 0.540625 0.234375 0.090625 0.16875
0 0.925 0.31328125 0.09296875 0.1671875
0 0.8140625 0.17578125 0.08203125 0.14765625
0 0.77421875 0.44140625 0.10625 0.18203125
0 0.67265625 0.1203125 0.08828125 0.1640625
0 0.128125 0.6546875 0.25 0.43125
0 0.2609375 0.1484375 0.09375 0.1625
0 0.34609375 0.15078125 0.0953125 0.1953125
0 0.48515625 0.39921875 0.1046875 0.20703125