0 0.96640625 0.14453125 0.053125 0.11796875
0 0.10390625 0.15234375 0.08671875 0.21796875
0 0.93046875 0.18359375 0.08984375 0.1734375
0 0.5078125 0.26796875 0.08515625 0.19140625
0 0.88515625 0.32578125 0.09296875 0.18984375
0 0.3578125 0.3359375 0.09609375 0.20546875
0 0.7140625 0.35078125 0.10390625 0.1984375
0 0.175 0.0359375 0.05546875 0.0609375
0 0.06875 0.5046875 0.10078125 0.23671875
0 0.83515625 0.628125 0.07421875 0.18671875
0 0.48046875 0.64296875 0.09609375 0.21796875
0 0.87421875 0.70703125 0.09375 0.209375
0 0.42421875 0.74609375 0.11328125 0.225
0 0.94921875 0.81640625 0.09609375 0.24296875
0 0.740625 0.0828125 0.08203125 0.153125
0 0.50703125 0.08671875 0.08984375 0.15546875
0 0.34375 0.0875 0.0828125 0.165625
0 0.61875 0.88203125 0.109375 0.19921875
0 0.2484375 0.0921875 0.08515625 0.1640625