0 0.39765625 0.75390625 0.03671875 0.06484375
0 0.6734375 0.7640625 0.0546875 0.08515625
0 0.30546875 0.078125 0.0265625 0.04140625
0 0.059375 0.77890625 0.03359375 0.06640625
0 0.54453125 0.78828125 0.02734375 0.05546875
0 0.0953125 0.8 0.03671875 0.06328125
0 0.3546875 0.8203125 0.03671875 0.06328125
0 0.36484375 0.0828125 0.02734375 0.04375
0 0.45546875 0.86484375 0.04375 0.0703125
0 0.684375 0.0875 0.02421875 0.04140625
0 0.29375 0.0875 0.025 0.04140625
0 0.159375 0.08828125 0.021875 0.03359375
0 0.2484375 0.909375 0.04453125 0.0765625
0 0.2046875 0.09296875 0.025 0.03203125
0 0.590625 0.93203125 0.0421875 0.06875
0 0.75390625 0.9375 0.0421875 0.07578125
0 0.0203125 0.096875 0.0296875 0.053125
0 0.09296875 0.96796875 0.05078125 0.0625
0 0.03515625 0.9734375 0.05 0.05078125
0 0.46015625 0.09921875 0.02578125 0.04296875
0 0.56875 0.1015625 0.0265625 0.04296875
0 0.27109375 0.10234375 0.02578125 0.04140625
0 0.596875 0.1109375 0.025 0.04140625
0 0.703125 0.11875 0.02578125 0.0421875
0 0.37109375 0.01328125 0.02421875 0.025
0 0.23359375 0.01328125 0.0234375 0.0265625
0 0.32734375 0.13125 0.02421875 0.04375
0 0.50078125 0.134375 0.028125 0.04140625
0 0.2640625 0.13828125 0.02421875 0.03515625
0 0.7375 0.14296875 0.02421875 0.0390625
0 0.35625 0.159375 0.0265625 0.046875
0 0.17578125 0.1609375 0.02734375 0.0453125
0 0.13046875 0.16171875 0.02734375 0.04375
0 0.91015625 0.16484375 0.03125 0.04453125
0 0.54609375 0.0171875 0.021875 0.03125
0 0.04921875 0.17578125 0.03125 0.0484375
0 0.07578125 0.17578125 0.02734375 0.05078125
0 0.3765625 0.1828125 0.02734375 0.04609375
0 0.63984375 0.01875 0.02421875 0.0359375
0 0.91328125 0.19375 0.02734375 0.046875
0 0.2921875 0.1984375 0.028125 0.0484375
0 0.67734375 0.19921875 0.0296875 0.05
0 0.60234375 0.19921875 0.02890625 0.046875
0 0.146875 0.21640625 0.028125 0.046875
0 0.49375 0.22890625 0.0296875 0.0515625
0 0.45703125 0.0234375 0.02421875 0.04375
0 0.2265625 0.23125 0.03046875 0.05234375
0 0.7546875 0.23125 0.028125 0.04296875
0 0.65546875 0.2390625 0.02734375 0.05625
0 0.78671875 0.24375 0.02734375 0.0484375
0 0.0421875 0.025 0.02265625 0.03984375
0 0.6984375 0.26328125 0.03125 0.0484375
0 0.09609375 0.2671875 0.02265625 0.03671875
0 0.77734375 0.275 0.028125 0.05
0 0.15234375 0.2765625 0.0296875 0.05
0 0.859375 0.2828125 0.03203125 0.053125
0 0.7359375 0.28359375 0.0296875 0.05
0 0.36796875 0.2875 0.03046875 0.05703125
0 0.4390625 0.2890625 0.0296875 0.05546875
0 0.63203125 0.29140625 0.02734375 0.0484375
0 0.18828125 0.3 0.0375 0.05625
0 0.12578125 0.3140625 0.034375 0.05234375
0 0.07890625 0.31484375 0.03515625 0.0578125
0 0.54140625 0.3171875 0.03984375 0.059375
0 0.44453125 0.33984375 0.03125 0.05703125
0 0.51640625 0.35625 0.034375 0.06015625
0 0.86796875 0.36171875 0.034375 0.05625
0 0.6578125 0.365625 0.02734375 0.04375
0 0.57734375 0.365625 0.03515625 0.04921875
0 0.11875 0.36640625 0.034375 0.0578125
0 0.4640625 0.36796875 0.0375 0.065625
0 0.83046875 0.37109375 0.03203125 0.05546875
0 0.33359375 0.375 0.034375 0.05859375
0 0.39609375 0.378125 0.040625 0.0734375
0 0.13359375 0.03828125 0.02265625 0.040625
0 0.740625 0.3921875 0.034375 0.05703125
0 0.2640625 0.39375 0.03984375 0.06015625
0 0.3078125 0.4125 0.03828125 0.06953125
0 0.0890625 0.425 0.0359375 0.06484375
0 0.56796875 0.428125 0.0296875 0.05078125
0 0.28203125 0.44921875 0.03984375 0.071875
0 0.7109375 0.45390625 0.028125 0.03984375
0 0.928125 0.4546875 0.034375 0.05625
0 0.6375 0.45625 0.03046875 0.0546875
0 0.5046875 0.45625 0.02734375 0.046875
0 0.10625 0.46015625 0.0421875 0.06875
0 0.0734375 0.04609375 0.0265625 0.03984375
0 0.87109375 0.465625 0.04765625 0.06171875
0 0.98359375 0.4703125 0.03125 0.06171875
0 0.0078125 0.484375 0.01484375 0.05078125
0 0.58125 0.0515625 0.02421875 0.03984375
0 0.40546875 0.5171875 0.03046875 0.05546875
0 0.71796875 0.5296875 0.0203125 0.03046875
0 0.2765625 0.53203125 0.0328125 0.0546875
0 0.64765625 0.053125 0.0234375 0.0390625
0 0.059375 0.5328125 0.0296875 0.053125
0 0.54609375 0.5390625 0.034375 0.05390625
0 0.3015625 0.5515625 0.0328125 0.06015625
0 0.709375 0.56015625 0.03125 0.05703125
0 0.42890625 0.05625 0.02578125 0.0421875
0 0.88984375 0.5625 0.03515625 0.0609375
0 0.528125 0.58359375 0.03359375 0.05703125
0 0.05859375 0.603125 0.034375 0.059375
0 0.7359375 0.60546875 0.03515625 0.05859375
0 0.625 0.61875 0.034375 0.05859375
0 0.8375 0.625 0.03359375 0.06015625
0 0.609375 0.0640625 0.025 0.0421875
0 0.5265625 0.06484375 0.02265625 0.03515625
0 0.33203125 0.065625 0.02265625 0.0359375
0 0.10625 0.065625 0.028125 0.0453125
0 0.1828125 0.06796875 0.025 0.04453125
0 0.62109375 0.69140625 0.02890625 0.06015625
0 0.92578125 0.696875 0.03359375 0.053125
0 0.5921875 0.70625 0.0328125 0.06171875
0 0.4921875 0.07109375 0.02265625 0.02734375