0 0.33984375 0.2078125 0.053125 0.12890625
0 0.28828125 0.2125 0.04609375 0.125
0 0.49140625 0.21953125 0.0296875 0.07578125
0 0.978125 0.2421875 0.03125 0.0921875
0 0.4109375 0.25625 0.02734375 0.078125
0 0.17578125 0.25703125 0.05703125 0.1234375
0 0.06953125 0.26484375 0.034375 0.08359375
0 0.10859375 0.26875 0.0359375 0.08125
0 0.22734375 0.2953125 0.0265625 0.06484375
0 0.625 0.31953125 0.0375 0.08125
0 0.734375 0.321875 0.03671875 0.0890625
0 0.8671875 0.09609375 0.084375 0.17421875
0 0.58046875 0.1171875 0.07890625 0.1796875
0 0.4703125 0.14296875 0.06953125 0.15234375