0 0.421875 0.2453125 0.040625 0.08046875
0 0.6125 0.25625 0.0234375 0.0421875
0 0.5515625 0.25625 0.02421875 0.03671875
0 0.98515625 0.2671875 0.01171875 0.0203125
0 0.7296875 0.26953125 0.00859375 0.0234375
0 0.3546875 0.27109375 0.009375 0.0203125
0 0.3234375 0.27265625 0.040625 0.0671875
0 0.6671875 0.27578125 0.04765625 0.08828125
0 0.8078125 0.27734375 0.00703125 0.01484375
0 0.85 0.2796875 0.015625 0.03203125
0 0.8234375 0.28046875 0.00703125 0.01015625
0 0.38046875 0.2828125 0.00859375 0.01796875
0 0.74453125 0.2875 0.02265625 0.04375
0 0.509375 0.2921875 0.0125 0.03671875
0 0.2765625 0.3046875 0.03046875 0.07890625
0 0.56328125 0.45078125 0.0453125 0.065625
0 0.13515625 0.125 0.08515625 0.165625