0 0.47109375 0.35078125 0.23671875 0.440625
0 0.20625 0.40546875 0.203125 0.29140625
0 0.928125 0.446875 0.084375 0.12578125
0 0.57734375 0.45 0.04296875 0.125
0 0.76015625 0.45390625 0.0828125 0.19140625
0 0.103125 0.4578125 0.05703125 0.121875
0 0.69140625 0.46015625 0.1265625 0.21875
0 0.05390625 0.46171875 0.02734375 0.071875
0 0.315625 0.46796875 0.0296875 0.05546875
0 0.809375 0.46796875 0.03671875 0.09921875
0 0.365625 0.471875 0.04375 0.1125
0 0.62578125 0.50625 0.0296875 0.0546875
0 0.946875 0.58125 0.10390625 0.1765625