0 0.240625 0.1796875 0.04609375 0.084375
0 0.11484375 0.1890625 0.071875 0.16484375
0 0.5125 0.24140625 0.07734375 0.190625
0 0.74609375 0.24609375 0.0875 0.20390625
0 0.86875 0.28046875 0.08828125 0.1828125
0 0.4515625 0.2984375 0.078125 0.20546875
0 0.0375 0.3359375 0.06171875 0.20546875
0 0.81015625 0.40625 0.07265625 0.16484375
0 0.134375 0.42421875 0.0578125 0.11640625
0 0.37578125 0.48203125 0.0734375 0.16171875
0 0.56015625 0.5140625 0.115625 0.2796875
0 0.6625 0.53203125 0.08203125 0.20703125
0 0.8046875 0.5890625 0.07734375 0.184375
0 0.1390625 0.60078125 0.140625 0.29921875
0 0.38984375 0.65625 0.0796875 0.20546875
0 0.29921875 0.1453125 0.06953125 0.15234375